-1.117359 -0.656586
-3.560224 -1.451524
-2.837126 -1.134623
-2.325738 -1.549568
3.884358 1.500078
-0.494486 -0.192796
4.081485 1.742459
3.816338 1.482887
-0.690418 1.186133
-2.043316 -0.882109
3.320125 1.245158
-2.631124 -1.794451
0.060694 1.933144
-1.346109 -0.315972
-1.735189 -0.918062
-3.001467 -1.451895
0.828829 2.246844
1.758255 0.288508
-3.085433 -1.117419
-1.561942 -0.877489
-0.704291 1.883148
-0.318744 1.795323
2.834716 0.831243
1.440429 2.458352
1.394072 2.978605
0.058687 1.593695
-5.915389 -2.799760
-0.193353 2.039394
2.072965 0.523053
1.307855 2.879375
4.536550 1.755215
-2.822962 -1.114762
-1.822709 -0.857742
3.235406 0.616020
-1.850930 -0.492738
2.481248 0.635081
2.098050 1.117855
1.672432 2.659968
-2.041085 -1.659314
-0.034980 1.476253
3.701831 1.373605
1.963841 1.021951
1.260354 -0.285407
3.799997 1.255541
-2.549700 -1.508314
-2.267936 -0.969131
2.147571 1.069008
3.003108 1.294426
5.125104 2.280910
0.081182 2.328654
-2.144727 -0.499695
4.807816 1.775448
0.235059 2.596358
2.719998 0.868154
-0.084834 2.128608
-1.495302 -1.192693
2.884556 1.304050
-1.610188 -0.880612
2.489381 0.797946
-0.578746 1.772572
-1.035393 -0.366981
-0.923384 -0.727505
3.244835 1.140739
-1.394952 -0.410271
-2.963349 -1.181842
4.118606 0.954514
-3.711827 -1.388209
0.533597 2.474588
-1.081555 -1.095694
-3.569238 -1.550561
3.100300 0.995738
-3.301644 -1.864519
-2.250778 -0.922493
-0.580219 1.240265
-1.019851 -0.915776
-2.197636 -1.403676
-0.816569 1.850349
-3.358340 -1.625160
4.401099 1.880744
1.828756 -0.233092
-2.154198 -1.484364
3.830355 1.680415
-2.033307 1.354471
0.349006 2.508585
-0.976709 -0.409482
-0.523947 1.319551
-0.260713 2.223083
1.812366 0.194163
-1.568959 -0.128753
1.915055 2.600424
-1.137098 -0.542541
0.555210 2.652725
-1.908741 -0.643407
5.099135 2.006944
0.862229 2.197742
-1.989522 -0.966479
3.637625 1.245352
2.013424 0.393511
-1.654453 -0.579938
0.865283 1.795024
0.210621 1.811544
-1.311320 0.146102
1.558201 0.046418
-0.594678 2.058649
0.188632 1.897798
-3.072057 -1.442912
2.291264 0.995801
-1.879951 -1.062131
-1.515925 -0.601464
-0.761328 -0.610318
-1.345495 -0.868681
-3.142210 -1.298471
3.622421 1.722844
1.529389 -0.174921
-2.376125 -0.461509
2.832024 1.861448
-2.357267 -1.317595
-0.212976 1.687757
3.008162 1.414096
-0.932805 1.954718
-1.713984 -0.575289
4.473758 1.868190
3.104939 0.890214
-0.643342 1.533443
-1.729779 -0.896476
-2.236714 -1.487892
-2.864546 -1.357967
2.451707 0.169810
-2.482744 -1.538006
-0.129708 2.393115
0.359897 2.081937
-3.624630 -1.476500
2.309284 0.932700
4.063162 0.831971
2.956888 0.997615
-1.352247 -1.377250
2.855309 0.899431
0.729836 0.105358
-0.273775 1.843933
1.869108 0.492534
-1.224744 -0.279814
-0.578784 1.190932
-3.728163 -1.271765
0.232269 2.319094
-2.048601 -0.854547
2.678081 0.855829
-1.039039 -0.925261
2.250254 3.519442
0.791817 2.195983
-2.293249 -1.945073
3.200093 1.260906
-1.595591 -0.874615
-0.444762 1.285584
-1.080526 -0.335295
3.216390 1.018501
-1.274909 -0.235030
-1.859489 -1.367133
2.925620 0.762542
-1.191897 -0.842156
2.571530 1.197824
0.296871 1.873720
3.742489 1.746097
-0.747081 1.901557
3.757549 1.329473
-2.618541 -1.376680
3.880111 1.395192
2.578811 1.227027
3.535452 1.739818
-0.406104 2.838712
-1.614453 0.263971
-1.077518 1.561527
3.011414 1.240152
-1.860209 -1.234908
0.403257 2.298066
-0.543888 2.030595
-0.887724 -0.563488
-2.449643 -1.391474
2.143810 0.480783
-0.143138 1.144929
4.782099 1.641832
-2.337234 -1.481025
2.426294 0.962319
-1.067137 2.182639
2.437230 0.864657
3.322528 0.813428
-1.266788 -1.028377
3.033262 1.510271
2.844510 1.090402
1.749520 0.609404
-1.306456 -0.398890
-0.266948 1.762536
-0.096924 1.923012
-0.997234 -0.708177
-3.017228 -1.065510
-1.865706 -0.964846
1.307213 2.832328
-3.127631 -1.470750
-0.105005 2.014357
2.759185 1.305833
-0.367169 1.846163
0.158589 2.728565
3.280453 1.449193
-2.162786 -0.986101
2.846261 1.698784
-1.981355 -1.643866
1.969348 0.616140
0.641460 2.411462
-0.888949 0.009118
-0.850171 1.444063
-1.961295 -1.263339
0.331106 1.535536
-2.660680 -1.369734
-0.897150 -0.342275
-1.811341 1.182154
0.403744 2.403501
3.789813 0.992462
-1.076237 -0.388634
0.766273 2.468522
1.020774 1.947948
4.159327 1.469813
-1.600972 -1.134695
0.276238 2.042833
0.110264 2.359246
-2.677193 -1.580042
3.349208 1.051498
-3.136345 -1.352190
0.707346 2.264166
-1.587126 1.828809
1.727934 2.428703
-0.404617 -0.616480
-1.459609 -1.267143
-0.096338 2.264314
4.150295 1.319970
-3.287691 -1.724748
3.051420 1.713044
3.191779 0.926221
-1.281635 -0.529278
-2.094139 -0.860833
4.326012 1.387766
-0.442085 -0.257901
-1.596103 -0.883836
1.069646 -0.341801
-2.487583 -1.026167
-1.897245 -0.969568
1.740321 0.482021
3.105622 1.213216
5.020188 2.095701
-0.455865 -0.656873
2.821630 0.119659
-2.354094 -0.822374
0.795008 1.708315
-2.398698 -1.404876
-1.334399 -0.900838
2.338393 0.865386
-1.850145 -1.215676
-1.617649 -0.788424
2.385338 3.247694
-0.186958 1.578205
-2.814606 -1.681969
-0.410444 2.146484
3.182777 1.326659
2.411646 0.962371
-1.125325 1.225693
-1.305614 -0.657681
-1.006458 2.292471
3.249410 0.716037
0.674314 2.518900
3.006607 0.824684
2.926336 1.338082
-1.996675 -0.932136
-1.145225 0.880720
0.800967 2.594256
-3.481944 -1.812252
2.235788 0.653684
3.886245 1.357600
1.344095 0.178606
-1.978175 -1.509624
1.041935 2.276975
1.795710 0.140600
2.702540 0.626614
0.020274 2.313573
-2.727710 -1.463865
-2.001422 -1.696346
-0.981267 1.579440
-1.502621 -1.344146
-1.279309 0.988676
-0.335171 1.964556
-0.894129 1.317402
-0.639856 1.603717
-1.696093 -1.007623
-0.538147 1.734250
-1.850582 -1.205872
-1.937052 -0.813554
-0.820211 1.844421
3.860694 1.429625
3.842612 1.451562
4.268119 1.794760
0.533487 0.032419
-1.339846 -0.557265
6.433215 2.655363
-0.731281 1.648339
-1.179430 -0.887990
0.696179 1.728033
1.049549 0.275966
-1.749740 -0.952257
3.776935 1.644597
2.270554 0.313184
-0.709484 1.353914
2.354896 0.636094
0.571086 2.102877
0.770513 2.595133
0.729156 2.964827
-2.390562 -1.111104
-1.962555 -1.076855
0.717218 2.139763
-0.449013 -0.280726
-2.218153 -1.543113
2.532136 0.663260
-1.282372 -0.595310
2.480757 -0.151971
3.027933 0.989747
-1.407498 -0.590020
0.047186 0.588051
-1.755224 -0.727491
2.381904 0.949458
-0.046972 2.034566
2.726407 1.117546
5.113728 1.437914
-3.578796 -1.386719
-0.370810 1.719483
3.365596 1.034245
-0.015609 1.270000
2.748548 0.064707
3.609953 1.870646
1.701043 0.074825
4.674357 1.821288
-0.496542 1.660125
-0.324263 1.833700
-0.765189 -0.196641
-1.964186 -1.170741
-1.150066 1.645625
-3.484770 -1.875500
3.745863 0.922929
-0.717029 1.733457
4.178140 1.173393
-2.082747 -1.120679
0.136913 2.184169
1.055050 2.489481
2.920728 0.378048
-0.468169 1.786789
1.966155 0.847569
0.016953 1.238091
0.661388 1.805060
-1.234499 0.481046
-3.246064 -1.444806
-1.054117 1.851297
-2.573949 -1.356821
2.476696 0.893165
-1.563072 -0.606809
0.035118 1.903716
-0.158422 1.935249
0.515452 2.463298
-0.068280 2.689462
3.257518 1.389638
-2.581104 -1.260355
0.448445 1.720050
-1.471440 -1.575936
1.880379 0.304735
3.466157 1.565349
0.264141 1.973708
-1.890842 -0.379094
2.894001 1.148387
-0.684811 1.918411
2.423321 0.608713
-0.479534 1.721431
1.077422 0.372808
-0.612563 2.005974
2.159451 3.125700
-1.158668 1.800534
1.045130 1.663075
-2.826509 -1.354141
0.848471 2.018886
3.007018 1.196346
-2.908516 -1.511613
4.693706 1.849644
-2.328507 -1.107068
-2.589072 -1.127203
-0.973864 -1.005922
-2.981168 -1.847831
2.094947 0.552958
2.691638 0.586614
-2.710552 -1.847221
-0.669575 2.319465
-0.591036 2.105314
3.575016 1.036405
1.952799 1.275130
2.935910 1.081104
-0.863368 1.860959
2.391710 0.796553
-1.598432 -0.684673
-0.567452 1.952181
-2.914650 -1.397048
2.121066 0.197495
-1.513485 -0.873056
2.688846 0.413845
3.003411 1.166410
-2.658519 -1.076883
2.594228 1.059752
2.415310 0.679799
3.518447 1.532286
-1.346951 1.197390
-2.405427 -1.268872
-1.603214 0.079002
-0.755960 1.589828
0.333908 2.461646
0.485245 2.403860
-0.969563 -0.951497
-0.782212 2.330734
0.343542 1.956877
2.390113 0.598922
-0.643395 1.221228
-0.184506 1.880842
-2.481134 -1.457255
1.696267 0.454148
0.449782 2.562473
2.719857 1.094812
-0.061997 -0.350967
-0.378893 1.865271
4.291401 1.503696
1.171451 2.804842
2.824682 0.627670
-2.299438 -0.934210
-1.610551 0.830608
4.189611 1.441557
-0.616094 1.426549
-1.135711 1.694761
-0.652275 -0.445711
2.331065 2.982088
-0.734618 -0.458876
4.607534 1.608780
0.272640 2.340114
3.054623 0.497347
2.837757 0.655271
-1.781190 -0.984544
-1.212764 -0.280443
1.008478 -0.165949
-1.453463 -0.555595
-0.252549 2.702982
-0.877298 1.777897
2.131910 0.407411
-0.159761 2.153603
2.440080 0.374803
1.190469 2.542336
3.115277 0.707418
0.387726 2.548577
3.708765 1.618490
2.824733 0.540889
-0.416506 1.764225
-1.835161 -1.128467
2.820491 1.049562
1.129400 2.715864
2.910778 0.921137
-1.640003 0.226260
1.962299 0.660776
-0.502006 1.301835
-1.527722 -1.245518
-1.205404 -0.966120
1.993076 0.822930
2.551213 0.915607
-0.862589 1.504221
2.918953 0.878659
1.229253 0.539970
-1.734045 1.646318
-0.637288 -1.180292
0.048162 1.920292
-1.543615 -0.805713
-0.476684 -0.119768
4.152558 1.301882
-2.193546 -0.525368
-0.379856 1.715837
-1.827205 -0.796192
-2.295503 -1.106903
-3.596814 -1.944213
-0.856952 1.780231
0.052313 -0.035734
3.446033 1.053790
2.158566 0.245982
1.177341 0.201446
4.011485 1.326302
3.329507 0.876667
-0.991728 2.048862
3.245575 1.120046
4.228627 1.111124
-3.088478 -1.378740
1.744577 0.855623
0.794608 2.151862
-3.382046 -1.569575
-0.862158 1.296099
-0.705072 1.521129
0.737872 2.183164
-0.689303 1.290427
0.810813 2.562537
1.199860 2.562935
1.559322 -0.144420
3.253262 1.643801
0.066711 2.049233
2.458651 0.603500
-2.279524 -1.174366
2.551954 1.361477
0.271840 0.483635
-1.477231 0.727396
2.358206 1.001428
0.174828 2.134907
1.580835 2.351595
-1.139674 1.481168
-2.219243 -1.695409
-0.350722 2.278949
0.441676 2.046471
1.719240 0.656479
-0.065592 1.527237
-0.402611 2.183294
-1.347492 -1.058257
-2.007546 -0.186006
-1.969355 0.812445
3.237221 1.296532
2.733170 0.827897
-2.508184 -1.832030
1.265670 2.867422
0.480764 2.462952
-0.877373 1.964715
2.311054 1.062371
0.422774 1.774404
3.718458 1.260223
0.661986 2.470191
-1.252679 -0.461707
0.218835 0.506942
-1.113292 -1.003411
0.862524 2.528651
2.727335 0.561556
3.596401 1.165399
3.277271 1.448049
3.407274 1.081853
-0.696716 2.111451
-0.949515 -0.642938
0.554377 2.090433
2.414219 2.765168
-2.148220 -1.617489
1.718011 2.752956
3.176136 1.143096
3.082997 0.929217
4.552715 1.952846
1.549774 0.498997
-1.809383 -0.955505
1.535370 2.867376
2.079607 -0.447254
2.886076 1.342727
-0.652411 -0.041895
-3.128756 -1.720582
-2.258723 -0.814121
0.818394 2.238720
4.749665 1.252818
-0.169562 2.568084
-0.069991 1.547459
-0.773595 1.931244
-1.773533 0.970381
0.367421 2.696069
1.145014 1.946848
-1.195545 0.982573
-2.002919 -1.522217
-1.647477 -0.751573
-0.624334 2.516821
3.065631 1.001740
3.930608 1.495506
4.765725 1.447929
-0.987137 1.532693
3.432635 0.802326
-1.316392 1.322947
-1.927331 -1.160483
1.568964 0.429662
4.223671 0.718229
3.621335 1.452508
3.523853 1.503277
0.492851 2.164921
-3.273238 -1.973453
-0.587362 1.669935
-0.342057 -0.441028
-0.707744 1.553701
-2.290991 -0.438082
0.391822 2.340643
-3.479601 -1.843383
5.547105 2.191487
-0.194259 -0.791628
-1.227740 -0.689301
-1.024436 -0.703764
1.265308 2.100635
-0.708347 -0.883311
3.114630 1.043631
3.162709 0.676423
-0.565958 1.839420
-0.200326 2.330933
