3.851686 2.347346
4.353856 3.009010
4.567104 3.638475
2.766709 1.436226
1.253155 3.406205
3.097508 4.432924
3.799421 2.597651
1.477601 3.530202
3.417195 2.980000
1.606133 2.751875
2.424883 2.725835
3.121095 2.699926
4.350406 4.319680
4.873395 2.818080
1.686556 2.310744
1.817015 2.832238
2.610032 3.452846
4.097918 1.492560
2.053456 2.511857
0.958191 1.613470
1.596963 0.597311
3.306054 2.938488
3.671458 1.769895
2.395527 3.293853
2.616833 4.148898
3.325091 2.757575
3.174953 4.001315
2.824419 2.799427
4.595691 2.473232
3.865299 3.525419
1.801331 3.030256
2.098901 1.799593
3.050200 1.729491
1.650536 2.075160
4.319408 2.559885
2.553066 2.759418
4.007501 2.437470
2.486519 2.204092
3.732588 1.832794
3.278742 3.862078
1.279869 3.342069
2.427794 3.316423
4.514837 3.138933
4.572679 2.911589
2.583606 3.180904
3.257239 3.142550
2.641485 2.894405
3.416353 2.792248
3.326939 3.293708
1.070329 3.063506
3.796197 3.045405
3.156106 3.412762
1.074873 1.649127
3.243367 2.116983
1.701408 1.971025
2.324001 2.671228
2.490954 4.319038
2.462708 4.175574
3.230652 2.103007
3.006509 3.015429
3.057672 2.038282
3.098498 2.319708
2.979258 2.661080
3.300867 2.685144
2.775787 1.912340
3.320716 3.263669
2.068772 2.586342
3.883752 3.838058
3.838246 1.460349
3.667650 3.252166
0.893371 3.000700
1.920122 3.063111
3.156315 2.453767
3.505296 3.871797
3.301873 3.599738
2.699307 1.790464
3.028868 3.452432
2.802223 4.188208
3.038570 2.959472
2.005571 2.257047
3.581249 2.692658
2.855194 2.074903
3.615719 2.801854
3.044284 4.018470
2.284562 2.033682
3.003681 3.523598
3.835938 2.661672
2.930598 1.729483
2.050203 3.056328
4.586908 2.441716
3.898673 2.611374
3.342781 3.842729
2.726898 2.943495
3.020933 5.545360
2.974225 2.917933
2.646675 3.323659
3.520570 2.466903
3.931910 2.265573
2.407525 3.370922
3.933696 4.250924
1.640814 1.200263
2.202603 0.757110
0.831059 1.338190
1.011114 0.468226
0.002602 1.031077
1.007404 1.753528
1.772129 0.651837
0.792768 1.178249
1.133781 0.616331
1.675558 0.599573
0.985102 0.880577
1.037399 0.941328
1.304125 1.942405
2.612931 1.276634
0.532493 0.264662
0.351438 1.174318
1.475297 1.174807
0.908613 0.545298
0.911398 0.513699
0.120770 0.281745
0.254003 0.127659
0.877618 1.394423
1.442288 0.262695
0.463017 1.029035
0.891259 1.307834
1.020305 0.491848
1.143949 1.427269
0.634736 0.965231
1.734235 0.282815
1.950648 1.170516
0.673398 0.897107
0.440110 0.204510
0.398147 -0.015586
-0.075843 0.478921
2.072543 0.702074
1.015858 0.944245
1.315938 1.043977
0.552660 0.638205
1.567600 0.240150
1.228025 1.995303
0.348882 1.890208
0.508420 1.163870
1.354029 1.220328
1.601854 0.983870
0.208159 0.891428
1.383223 0.689560
0.240998 0.941791
0.883965 1.681622
0.806276 1.186725
-0.033044 0.330138
1.689427 0.184756
1.011724 0.847188
-0.082917 0.079462
1.269948 0.612660
0.365694 0.756072
0.447917 1.251713
1.139395 1.236936
1.193414 0.969646
0.999257 0.280766
0.967796 0.812189
1.080746 0.195172
1.276497 0.205634
1.369843 0.534509
0.783964 1.650693
1.251706 0.585189
1.825249 1.167944
0.937703 0.983632
1.737777 1.106121
1.628077 0.491478
0.973779 1.148018
0.408986 0.902398
0.559480 0.869858
1.384897 0.475054
1.125196 1.160848
1.307798 0.615833
0.940867 -0.230979
1.043347 0.930620
1.197071 1.442425
1.357571 0.669972
0.300129 0.704887
1.658467 1.790411
1.091989 0.717259
1.280721 0.543367
0.417442 1.661486
0.359062 0.680598
1.323761 1.110338
1.233160 0.437346
0.909816 0.998792
0.631664 0.965584
1.968874 1.165689
2.078524 0.440731
1.060966 0.876867
0.563002 1.147221
1.384095 2.375059
1.626214 1.031693
1.041940 1.369952
0.985434 0.868548
0.646313 0.503863
0.914731 1.123122
1.065550 1.394174
-3.015678 -1.266964
-2.312418 -2.054766
-2.730659 -0.339990
-1.206688 -2.618873
-2.604870 -1.668285
-1.126897 -1.802223
-2.528550 -1.493660
-1.956642 -2.032212
-2.609712 -0.222175
-1.540045 -1.929383
-0.782054 -2.258529
-0.776434 -1.281387
0.063562 -1.053184
-2.307184 -1.058980
-1.088773 -3.059379
-1.198652 -2.847637
-3.987709 -2.241498
-2.526370 -3.336204
-1.799078 -1.404578
-0.768148 -3.217317
-1.386998 -2.951049
-2.750558 -0.998402
-1.521960 -2.725646
0.052517 -1.839969
-2.932645 -2.229441
-1.600872 -1.471182
-2.157523 -1.306585
-2.813049 -2.396738
-1.791528 -1.757039
-2.800698 -1.702194
-2.049887 -0.502214
-1.235853 -1.765858
-2.035819 -2.249510
-2.030648 -1.605774
0.424569 -1.416577
-2.065548 -0.881896
-1.741054 -1.385513
-3.087475 -1.990354
-2.401036 -3.604662
-2.869700 -1.391585
-2.305531 -0.934440
-0.100372 -1.616624
-1.297792 -2.968084
-3.244638 -2.861740
-2.424867 -0.635023
-2.836251 -3.095784
-1.466338 -2.248869
-1.756485 -1.790315
-2.903933 -0.872565
-2.676450 -2.330589
-4.403258 -0.153373
-1.268871 -0.606555
-3.303076 -0.896803
-3.485657 -1.000724
-2.468171 -3.290349
-1.039790 0.124168
0.167738 -0.975808
-1.317530 -1.188995
-2.523446 -2.832238
-2.485573 0.675930
-3.217982 -1.726085
-1.707173 -0.382129
-2.674926 -1.224124
-3.758905 -2.682529
-3.696287 -2.862846
-2.998806 -2.371094
-2.713469 -1.212496
-1.091039 -1.550285
-2.525528 -2.039394
-2.462703 -1.869602
-1.150577 -0.210828
-1.610108 -0.654063
-2.066414 -4.191828
-3.656453 -3.222337
-1.438277 0.245600
-0.862256 -2.155688
-2.326319 -0.678028
-2.751090 0.076912
-2.029492 -1.375641
-2.294017 -1.751510
-3.900189 -0.366375
-3.041377 -2.621591
-2.603386 -3.002149
-1.091376 -3.209598
-2.020239 -1.956396
-2.602018 -2.530093
-1.940872 -0.936541
-1.842612 0.596587
-2.570809 -2.499729
-1.229900 -2.244492
-2.693453 -2.277140
-1.397521 -1.586753
-2.272585 -2.878048
-1.184974 -2.605638
-0.925406 -1.432667
-3.569644 -2.470539
-2.464154 -3.659563
-2.174353 -1.071614
-1.956186 -1.888376
0.099117 -1.504438
-1.273582 -1.057800
-1.596345 -1.064095
-1.070424 -0.229417
0.045146 -1.856084
-1.101501 -0.334651
-0.587519 -0.936564
-1.689903 -0.157359
-0.769598 -1.161726
-1.217233 -0.188207
-0.562937 -0.781086
-1.190105 -1.385278
-0.223813 -0.921598
-0.244210 -0.891467
-1.720668 -0.460210
-1.177686 -1.724229
-1.202848 -0.936411
-1.806682 -0.604467
-1.318549 -1.531131
-0.571825 -0.891644
-1.011754 -1.393262
-0.926116 -1.686193
-1.624596 -0.630605
-0.830671 -1.465524
0.720043 -0.973116
-2.200276 -0.910047
-1.076308 -0.881583
-1.197694 -0.925769
-1.988273 -1.395204
-0.885726 -0.372787
-1.206204 -0.858827
-1.552199 -0.480229
-0.389939 -2.061672
-0.820897 -1.329590
-1.032525 -1.351505
-0.578847 -0.895733
-0.773372 -0.897964
-1.182815 -1.060482
-1.088400 -1.420674
-0.890257 -2.000870
-1.654312 -0.481881
-1.159504 -0.262877
0.336261 -1.499912
-0.863427 -1.043184
-1.152282 -1.639771
-1.286002 -0.563801
-1.402229 -1.421596
0.061433 -1.130957
-0.510513 -0.663684
-1.935472 -0.986765
-1.213251 -0.983673
-1.530345 -0.726287
-0.990408 -0.825884
-1.274473 -0.814577
-2.095594 -0.123862
-0.958116 -1.983792
-0.523686 0.585089
0.489346 -1.113714
-0.772181 -0.930396
-1.500621 -1.664629
-1.290731 0.262650
-1.592693 -1.281794
-0.721624 -0.200839
-1.541510 -0.793272
-1.577113 -0.830557
-2.216613 -2.018764
-1.478800 -1.140414
-0.979110 -1.043875
-0.501872 -0.586664
-1.656843 -1.395287
-1.047636 -0.729690
-0.585558 -0.463250
-1.378627 -0.755807
-0.941476 -2.166296
-1.194476 -1.469392
-0.732446 -0.197488
-0.464181 -1.366167
-1.221296 -0.845194
-1.396950 -0.133653
-0.660090 0.171617
-0.114705 -0.834731
-2.002820 0.012874
-1.585247 -1.410225
-1.772742 -1.605754
-0.852478 -2.166344
-1.187927 -2.032037
-1.250399 -1.608863
-1.227749 -0.623834
-0.772826 0.272448
-1.479570 -0.418143
-0.627049 -1.052110
-0.998755 -1.194616
-0.113912 -0.824629
-1.337323 -0.967938
-1.012386 -1.486010
-0.707564 -1.298961
-1.923201 -1.263854
-1.074475 -1.836947
-1.213710 -0.366223
-1.186644 -0.975717
-0.335892 -0.954490
-1.393847 0.267549
0.039028 -1.434745
0.522914 -2.454268
-1.601268 1.080520
0.575843 -0.116623
0.810572 0.452043
0.200111 -0.901295
0.696186 0.845120
0.034264 2.143243
-0.431748 1.736744
1.105700 -0.432929
1.047305 -1.186029
1.375219 -1.125729
0.170281 1.879097
0.953686 0.099196
-0.264913 0.176654
0.159784 -0.262483
0.553635 -0.799718
-0.912783 0.158501
-1.073138 -0.583736
-0.984094 -1.115198
0.432260 -0.471766
-0.349773 0.681243
-1.689677 -0.029676
1.963029 1.747906
0.094088 0.692177
0.371554 0.257809
0.466328 -1.268846
-0.220861 -0.346078
-0.583932 0.594286
-0.034245 0.037327
-0.413814 -0.438372
1.301881 -0.648578
-0.345769 -0.554992
-1.041163 0.775980
-2.339772 -0.692558
0.230647 1.142981
-0.441876 1.410831
0.067708 -0.160537
0.353433 -0.113495
0.156221 0.521553
-0.844296 0.447440
0.672202 0.002569
1.234498 -0.280102
0.942628 -1.882553
0.927901 -0.887297
-1.635631 0.453755
-0.725933 1.928824
0.404067 0.734959
-0.654693 0.066356
-0.282084 -0.063527
1.184380 1.128838
-0.116233 1.030902
0.759176 0.340453
1.192470 0.552633
0.504094 1.033895
0.830322 -0.540326
-0.284161 0.107493
-0.253739 1.839982
-1.180217 0.474560
1.636410 -1.748351
1.191922 -0.984075
-1.422247 0.068255
0.374298 -1.345785
0.547156 1.566810
0.506946 -0.725645
0.086162 -1.110024
2.630849 0.932770
-0.388410 2.595347
0.966612 -0.736319
1.554049 0.337533
0.009350 -2.273822
-1.392809 -1.436161
0.467651 -0.311559
0.287993 0.009444
-0.892945 -1.028763
-1.094412 0.579721
-0.011209 -0.444326
-0.208694 0.702401
-0.505102 0.842562
1.003008 -0.165071
0.467689 -2.430472
1.281267 0.722258
0.588668 -0.786263
-0.466356 -1.072193
-0.324505 -0.418733
0.692594 -1.914487
0.018284 -0.499572
-0.274746 0.236184
1.609966 0.518632
0.561999 -1.799354
-2.196716 -0.500795
0.636253 -1.236979
-0.281651 0.183297
0.799952 -0.970501
-0.396049 2.284971
-0.772589 -0.032767
0.914025 -1.936792
-1.419781 0.092112
-0.409361 1.108201
1.115651 1.953146
2.051971 1.492994
1.806570 0.439461
0.799410 2.694848
2.039169 1.664554
1.918227 2.179099
2.261610 2.177272
2.913669 2.267441
2.209133 2.295243
1.662948 2.030905
2.260507 1.848755
3.099194 1.401285
2.368209 1.357983
2.702584 2.341783
3.183932 1.654914
1.742391 2.215923
2.673982 2.319070
2.443893 1.754435
1.416270 1.855144
1.610234 1.772850
1.010060 1.750538
2.621545 1.871119
2.265539 2.448238
1.608276 1.436666
2.898880 2.486042
2.171659 2.213085
2.478379 2.214833
2.041992 0.848132
2.105381 1.789197
1.762497 2.490171
1.883725 2.072171
2.051658 1.596851
2.679788 1.506289
1.923606 1.737806
1.482577 1.766982
1.045286 1.529738
1.882150 2.168014
1.995929 2.794292
1.534899 2.218220
2.828797 1.704399
1.963977 2.023650
1.841737 2.482223
2.366683 1.469342
3.130715 1.652550
2.718417 1.609777
2.616837 1.342001
0.291687 2.272177
1.406671 2.495653
1.875261 2.197700
1.833372 2.095810
1.735244 1.915643
3.000542 2.311750
2.595256 2.158994
2.215214 1.848536
2.546967 2.173680
1.724802 2.294760
2.412205 1.466342
1.433410 1.905879
1.723329 3.121769
0.991076 1.920358
1.948926 0.991806
2.724330 1.787197
1.544675 2.574278
2.017218 1.447622
2.285829 2.365253
2.459488 1.062883
2.794785 1.781166
3.631305 2.290087
1.410880 3.354524
1.856656 1.959524
2.806377 3.389624
2.301574 0.799924
1.707479 0.975172
2.197877 1.639077
2.352674 2.414446
1.606133 1.500821
1.884186 2.393534
1.780911 1.245433
1.997183 2.910323
1.151576 2.530031
2.283972 2.957218
1.973850 1.132035
2.821375 2.195003
2.418420 1.595248
1.593070 1.796262
2.067357 2.023805
3.066554 1.874891
1.551596 2.222259
1.664352 2.050647
2.870746 1.940991
2.482644 1.539434
0.964900 1.882476
2.416390 1.844493
2.434417 1.678205
1.983128 1.133324
2.180238 3.318648
2.052103 1.411418
2.469543 0.780286
0.590046 1.902314
1.941118 2.295956
